0	3	-1	-1	2	2	-1	-1	1	1
1	3	-1	-1	5	4	0	0	3	3
2	3	0	0	7	7	-1	-1	5	6
3	3	-1	-1	10	9	1	1	8	8
4	4	1	1	11	11	5	5	10	10
5	4	1	1	6	6	2	2	4	4
6	4	5	5	12	12	2	2	11	11
7	3	2	2	14	14	-1	-1	12	13
8	3	-1	-1	16	15	3	3	-1	-1
9	4	3	3	17	17	10	10	16	16
10	4	3	3	18	18	4	4	9	9
11	4	4	4	19	19	6	6	18	18
12	4	6	6	13	13	7	7	19	19
13	4	12	12	21	21	7	7	20	20
14	3	7	7	-1	-1	-1	-1	21	22
15	4	8	8	23	23	16	16	-1	-1
16	4	8	8	24	24	9	9	15	15
17	4	9	9	25	25	18	18	24	24
18	4	10	10	26	26	11	11	17	17
19	4	11	11	20	20	12	12	25	25
20	4	19	19	25	25	13	13	25	25
21	4	13	13	22	22	14	14	27	27
22	4	21	21	-1	-1	14	14	28	28
23	4	15	15	29	29	24	24	-1	-1
24	4	16	16	30	30	17	17	23	23
25	3	26	17	33	32	19	20	30	31
26	4	18	18	35	35	19	19	34	34
27	4	20	20	28	28	21	21	33	33
28	4	27	27	-1	-1	22	22	36	36
29	4	23	23	37	37	30	30	-1	-1
30	4	24	24	31	31	25	25	29	29
31	4	30	30	38	38	25	25	37	37
32	4	25	25	39	39	33	33	38	38
33	4	25	25	36	36	27	27	32	32
34	4	17	17	40	40	26	26	30	30
35	4	26	26	33	33	20	20	40	40
36	4	33	33	-1	-1	28	28	39	39
37	4	29	29	41	41	31	31	-1	-1
38	4	31	31	42	42	32	32	41	41
39	4	32	32	-1	-1	36	36	42	42
40	4	34	34	32	32	35	35	31	31
41	4	37	37	43	43	38	38	-1	-1
42	4	38	38	-1	-1	39	39	43	43
43	4	41	41	-1	-1	42	42	-1	-1
